Ion Z N Eth Emax E0 sigma0 ya P yw y0 y1
HI 1 1 1.360e1 5.e4 4.298e-1 5.475e4 3.288e1 2.963 0. 0. 0.
HeI 2 2 2.456e1 5.e4 1.361e1 9.492e2 1.469 3.188 2.039 4.434e-1 2.136
HeII 3 1 5.442e1 5.e4 1.72 1.369e4 3.288e1 2.963 0. 0. 0.
LiI 3 3 5.392 6.439e1 3.107 6.245e1 1.501e1 4.895 0. 0. 0.
LiII 3 2 7.564e1 5.e4 2.006e1 3.201e2 7.391 2.916 0. 0. 0.
LiIII 4 1 1.225e2 5.e4 3.871 6.083e3 3.288e1 2.963 0. 0. 0.
BeI 4 4 9.323 1.193e2 9.539 2.932e5 4.301e-1 1.052e1 3.655e-1 8.278e-4 1.269e-2
BeII 4 3 1.821e1 1.299e2 1.181 2.678e2 5.645 1.170e1 0. 0. 0.
BeIII 4 2 1.539e2 5.e4 1.760e1 5.458e2 1.719e1 3.157 0. 0. 0.
BeIV 4 1 2.177e2 5.e4 6.879 3.422e3 3.288e1 2.963 0. 0. 0.
BI 5 5 8.298 1.94e2 5.213e-1 5.466 8.618 1.728e1 1.887e1 1.319e1 4.556
BII 5 4 2.516e1 2.098e2 2.869 1.859e4 1.783 1.618e1 3.503 4.960e-3 3.400e-2
BIII 5 3 3.793e1 2.274e2 1.041 5.393e1 1.767e1 9.540 0. 0. 0.
BIV 5 2 2.594e2 5.e4 3.336e1 2.846e2 2.163e1 2.624 0. 0. 0.
BV 5 1 3.402e2 5.e4 1.075e1 2.19e3 3.288e1 2.963 0. 0. 0.
CI 6 6 1.126e1 2.910e2 2.144 5.027e2 6.216e1 5.101 9.157e-2 1.133 1.607
CII 6 5 2.438e1 3.076e2 4.058e-1 8.709 1.261e2 8.578 2.093 4.929e1 3.234
CIII 6 4 4.789e1 3.289e2 4.614 1.539e4 1.737 1.593e1 5.922 4.378e-3 2.528e-2
CIV 6 3 6.449e1 3.522e2 3.506 1.068e2 1.436e1 7.457 0. 0. 0.
CV 6 2 3.921e2 5.e4 4.624e1 2.344e2 2.183e1 2.581 0. 0. 0.
CVI 6 1 4.9e2 5.e4 1.548e1 1.521e3 3.288e1 2.963 0. 0. 0.
NI 7 7 1.453e1 4.048e2 4.034 8.235e2 8.033e1 3.928 9.097e-2 8.598e-1 2.325
NII 7 6 2.960e1 4.236e2 6.128e-2 1.944 8.163e2 8.773 1.043e1 4.28e2 2.03e1
NIII 7 5 4.745e1 4.473e2 2.42e-1 9.375e-1 2.788e2 9.156 1.859 1.877e2 3.999
NIV 7 4 7.747e1 4.753e2 5.494 1.690e4 1.714 1.706e1 7.904 6.415e-3 1.937e-2
NV 7 3 9.789e1 5.043e2 4.471 8.376e1 3.297e1 6.003 0. 0. 0.
NVI 7 2 5.521e2 5.e4 6.943e1 1.519e2 2.627e1 2.315 0. 0. 0.
NVII 7 1 6.671e2 5.e44 2.108e1 1.117e3 3.288e1 2.963 0. 0. 0.
OI 8 8 1.362e1 5.38e2 1.240 1.745e3 3.784 1.764 7.589e-2 8.698 1.271e-1
OII 8 7 3.512e1 5.581e2 1.386 5.967e1 3.175e1 8.943 1.934e-2 2.131e1 1.503e-2
OIII 8 6 5.849e2 5.840e2 1.723e-1 6.753e2 3.852e2 6.822 1.191e-1 3.839e-3 4.569e-1
OIV 8 5 7.741e1 6.144e2 2.044e-1 8.659e-1 4.931e2 8.785 3.143 3.328e2 4.285e1
OV 8 4 1.139e2 6.491e2 2.854 1.642e4 1.792 2.647e1 2.836e1 3.036e-2 5.554e-2
OVI 8 3 1.381e2 6.837e2 7.824 6.864e1 3.21e1 5.495 0. 0. 0.
OVII 8 2 7.393e2 5.e4 8.709e1 1.329e2 2.535e1 2.336 0. 0. 0.
OVIII 8 1 8.714e2 5.e4 2.754e1 8.554e2 3.288e1 2.963 0. 0. 0.
FI 9 9 1.742e1 6.940e2 1.297e1 3.803e3 2.587 7.275 2.17e-3 1.701e-4 1.345e-2
FII 9 8 3.497e1 7.122e2 1.763 8.013e1 1.667e1 1.05e1 5.103e-1 1.715e1 7.724e-1
FIII 9 7 6.271e1 7.392e2 2.5442 1.541e2 5.742e1 6.614 1.115 1.641e1 5.124
FIV 9 6 8.714e1 7.709e2 7.744e-1 3.165 1.099e2 9.203 6.812 9.531e1 9.781
FV 9 5 1.142e2 8.091e2 7.286e-1 4.69e-1 1.4e2 9.718 2.57e-1 1.506e2 2.574e-1
FVI 9 4 1.572e2 8.502e2 4.008 1.157e4 1.848 2.446e1 2.411e1 2.071e-2 3.998e-2
FVII 9 3 1.852e2 8.905e2 2.563 6.93e1 7.547e1 6.448 0. 0. 0.
FVIII 9 2 9.539e2 5.e4 1.131e2 1.039e2 2.657e1 2.255 0. 0. 0.
FIX 9 1 1.103e3 5.e4 3.485e1 6.759e2 3.288e1 2.963 0. 0. 0.
NeI 10 10 2.156e1 8.701e2 4.870 4.287e3 5.798 8.355 2.434e-1 4.236e-2 5.873
NeII 10 9 4.096e1 8.831e2 1.247e1 1.583e3 3.935 7.81 6.558e-2 1.52 1.084e-1
NeIII 10 8 6.346e1 9.131e2 7.753e-1 5.708 6.725e1 1.005e1 4.633e-1 7.654e1 2.023
NeIV 10 7 9.712e1 9.48e2 5.566 1.685e3 6.409e2 3.056 8.29e-3 5.149 6.687
NeV 10 6 1.262e2 9.873e2 1.248 2.43 1.066e2 8.999 6.855e-1 9.169e1 3.702e-1
NeVI 10 5 1.579e2 1.031e3 1.499 9.854e-1 1.350e2 8.836 1.656 1.042e2 1.435
NeVII 10 4 2.073e2 1.078e3 4.888 1.198e4 1.788 2.55e1 2.811e1 2.536e-2 4.417e-2
NeVIII 10 3 2.391e2 1.125e3 1.003e1 5.631e1 3.628e1 5.585 0. 0. 0.
NeIX 10 2 1.196e3 5.e4 1.586e2 6.695e1 3.352e1 2.002 0. 0. 0.
NeX 10 1 1.362e3 5.e4 4.304e1 5.475e2 3.288e1 2.963 0. 0. 0.
NaI 11 11 6.139 3.814e1 6.139 1.601 6.148e3 3.839 0. 0. 0.
NaII 11 10 4.729e1 1.074e3 8.203 1.040e3 8.259 7.362 2.328 3.375 4.010
NaIII 11 9 7.162e1 1.11e3 1.069e1 1.885e3 3.613 9.803 8.579e-2 3.725 2.279e-1
NaIV 11 8 9.892e1 1.143e3 6.69e-1 2.33 1.205e2 9.714 7.365e-1 1.383e2 4.26
NaV 11 7 1.384e2 1.185e3 5.408 2.346e1 2.913e1 8.26 9.275e-1 2.204e1 7.577e-1
NaVI 11 6 1.722e2 1.23e3 4.846e1 7.101e1 3.945e1 2.832 1.285e-2 9.603e-4 6.378e-3
NaVII 11 5 2.085e2 1.281e3 2.096 1.609 2.473e2 7.681 1.895 9.94e1 3.278
NaVIII 11 4 2.642e2 1.335e3 1.535e2 7.215e3 3.886e-1 8.476 9.121e-1 1.667e-1 1.766e-2
NaIX 11 3 2.99e2 1.386e3 1.391e1 4.729e1 3.889e1 5.265 0. 0. 0.
NaX 11 2 1.465e3 5.e4 2.268e2 3.995e1 5.315e1 1.678 0. 0. 0.
NaXI 11 1 1.649e3 5.e4 5.211e1 4.525e2 3.288e1 2.963 0. 0. 0.
MgI 12 12 7.646 5.49e1 1.197e1 1.372e8 2.228e-1 1.574e1 2.805e-1 0. 0.
MgII 12 11 1.504e1 6.569e1 8.139 3.278 4.341e7 3.610 0. 0. 0.
MgIII 12 10 8.014e1 1.317e3 1.086e1 5.377e2 9.779 7.117 2.604 4.86 3.722
MgIV 12 9 1.093e2 1.356e3 2.912e1 1.394e3 2.895 6.487 4.326e-2 9.402e-1 1.135e-1
MgV 12 8 1.413e2 1.4e3 9.762e-1 1.728 9.184e1 1.006e1 8.09e-1 1.276e2 3.979
MgVI 12 7 1.865e2 1.449e3 1.711 2.185 9.184e1 1.006e1 8.09e-1 1.276e2 3.979
MgVII 12 6 2.249e2 1.501e3 3.57 3.104 6.06e1 8.857 1.422 5.452e1 2.078
MgVIII 12 5 2.66e2 1.558e3 4.884e-1 6.344e-2 5.085e2 9.385 6.666e-1 5.348e2 3.997e-3
MgIX 12 4 3.282e2 1.618e3 3.482e1 9.008e2 1.823 1.444e1 2.751 5.444 7.918e-2
MgX 12 3 3.675e2 1.675e3 1.452e1 4.427e1 3.826e1 5.46 0. 0. 0.
MgXI 12 2 1.762e3 5.e4 2.042e2 6.14e1 2.778e1 2.161 0. 0. 0.
MgXII 12 1 1.963e3 5.e4 6.203e1 3.802e2 3.288e1 2.963 0. 0. 0.
AlI 13 13 5.986 8.04e1 1.381e1 7.195 1.621e3 3.642 3.166e-1 2.041e-1 4.753e-1
AlII 13 12 1.883e1 8.997e1 2.048e-1 6.948e-2 5.675e2 9.049 4.615e-1 9.149e1 6.565e-1
AlIII 13 11 2.845e1 1.026e2 1.027e1 4.915 1.99e6 3.477 0. 0. 0.
AlIV 13 10 1.2e2 1.588e3 3.13 1.513e1 1.674e1 1.18e1 5.342 3.994e1 4.803
AlV 13 9 1.538e2 1.634e3 2.414e1 2.962e-2 1.856e1 2.084e1 8.839 5.675e-2 2.768e-1
AlVI 13 8 1.905e2 1.688e3 3.483e-1 1.962e-2 1.856e1 2.084e1 8.839 5.675e-2 2.768e-1
AlVII 13 7 2.414e2 1.739e3 2.636 1.889e2 1.338e2 6.204 1.836 3.552e1 8.223e-3
AlVIII 13 6 2.846e2 1.799e3 4.866e-1 2.35e-1 7.216e2 8.659 2.773e-1 5.704e2 1.58e-1
AlIX 13 5 3.301e2 1.862e3 1.842 4.982e-1 2.568e2 8.406 6.945e-1 1.719e2 6.595
AlX 13 4 3.994e2 1.929e3 8044 1774e4 1.653 2.655e1 2.953e1 2.538e-2 1.203e-2
AlXI 13 3 4.421e2 1.992e3 2.355e1 3.388e1 3.432e1 5.085 0. 0. 0.
AlXII 13 2 2.086e3 5.e4 2.738e2 4.036e1 3.567e1 1.915 0. 0. 0.
AlXIII 13 1 2.304e3 5.e4 7.281e1 3.239e2 3.288e1 2.963 0. 0. 0.
SiI 14 14 8.152 1.06e2 2.317e1 2.506e1 2.057e1 3.546 2.837e-1 1.672e-5 4.207e-1
SiII 14 13 1.635e1 1.186e2 2.556 4.140 1.337e1 1.191e1 1.57 6.634 1.272e-1
SiIII 14 12 3.349e1 1.311e2 1.659e-1 5.79e-4 1.474e2 1.336e1 8.626e-1 9.613e1 6.442e-1
SiIV 14 11 4.514e1 1.466e2 1.288e1 6.083 1.356e6 3.353 0. 0. 0.
SiV 14 10 1.668e2 1.887e3 7.761e-1 8.863e-1 1.541e2 9.98 1.303 2.009e2 4.537
SiVI 14 9 2.051e2 1.946e3 6.305e1 7.293e1 1.558e2 2.4 2.989e-3 1.115 8.051e-2
SiVII 14 8 2.465e2 2.001e3 3.277e-1 6.68e-2 4.132e1 1.606e1 3.28 1.149e-2 6.396e-1
SiVIII 14 7 3.032e2 2.058e3 7.655e-1 3.477e-1 3.733e2 8.986 1.476e-3 3.85e2 8.999e-2
SiIX 14 6 3.511e2 2.125e3 3.343e-1 1.465e01 1.404e3 8.503 1.646 1.036e3 2.936e-1
SiX 14 5 4.014e2 2.194e3 8.787e-1 1.95e-1 7.461e2 8.302 4.489e-1 4.528e2 1.015
SiXI 14 4 4.761e2 2.268e3 1.205e1 1.992e4 1.582 2.425e1 2.392e1 1.99e-2 1.007e-2
SiXII 14 3 5.235e2 2.336e3 3.56e1 2.539e1 3.307e1 4.728 0. 0. 0.
SiXIII 14 2 2.438e3 5.e4 2.752e2 4.754e1 2.848e1 2.135 0. 0. 0.
SiXIV 14 1 2.673e3 5.e4 8.447e1 2.793e2 3.288e1 2.963 0. 0. 0.
SI 16 16 1.036e1 1.7e2 1.808e1 4.564e4 1. 1.361e1 6.385e-1 9.935e-1 2.486e-1
SII 16 15 2.333e1 1.846e2 8.787 3.136e2 3.442 1.281e1 7.354e-1 2.782 1.788e-1
SIII 16 14 3.483e1 1.995e2 2.027 6.666 5.454e1 8.611 4.109 1.568e1 9.421
SIV 16 13 4.731e1 2.164e2 2.173 2.606 6.641e1 8.655 1.863 1.975e1 3.361
SV 16 12 7.268e1 2.35e2 1.713e-1 5.072e-4 1.986e2 1.307e1 7.88e-1 9.424e1 6.265e-1
SVI 16 11 8.805e1 2.557e2 1.413e1 9.139 1.656e3 3.626 0. 0. 0.
SVII 16 10 2.809e2 2.569e3 3.757e-1 5.703e-1 1.460e2 1.135e1 1.503 2.222e2 4.606
SVIII 16 9 3.282e2 2.641e3 1.462e1 3.161e1 1.611e1 8.642 1.153e-3 1.869e1 3.037e-1
SIX 16 8 3.791e1 2.705e3 1.526e-1 9.646e3 1.438e3 5.977 1.492 1.615e-3 4.049e-1
SX 16 7 4.471e2 2.782e3 1.04e1 5.364e1 3.641e1 7.09 2.31 1.775e1 1.663
SXI 16 6 5.048e2 2.859e3 6.485 1.275e1 6.583e1 7.692 1.678 3.426e1 1.37e-1
SXII 16 5 5.647e2 2.941e3 2.443 3.49e-1 5.411e2 7.769 7.033e-1 2.279e2 1.172
SXIII 16 4 6.517e2 3.029e3 1.474e1 2.294e4 1.529 2.568e1 2.738e1 2.203e-2 1.073e-2
SXIV 16 3 7.072e2 3.107e3 3.31e1 2.555e1 3.821e1 5.037 0. 0. 0.
SXV 16 2 3.224e3 5.e4 4.39e2 2.453e1 4.405e1 1.765 0. 0. 0.
SXVI 16 1 3.494e3 5.e4 1.104e2 2.139e2 3.288e1 2.963 0. 0. 0.
ArI 18 18 1.576e1 2.492e2 1.709e1 2.106e1 2.645e2 4.796 4.185e-1 1.688 8.943e-1
ArII 18 17 2.763e1 2.662e2 2.494e1 2.503e1 1.272e2 4.288 5.108e-1 9.299e-1 7.195e-1
ArIII 18 16 4.074e1 2.801e2 1.417e1 3.58e1 3.776e1 5.742 6.316e-1 2.384 1.794
ArIV 18 15 5.981e1 2.987e2 6.953 2.035e1 1.4e1 9.595 8.842e-1 7.501 1.806e-1
ArV 18 14 7.501e1 3.2e2 1.031e1 9.946 7.444e1 6.261 4.885e-1 6.406 3.659e-3
ArVI 18 13 9.101e1 3.426e2 5.44e-1 1.08 9.419e2 7.582 1.107e1 1.7e2 1.587e1
ArVII 18 12 1.243e2 3.667e2 2.966e-2 3.693 9.951e3 7.313 1.363e-2 4.383e-4 2.513
ArVIII 18 11 1.435e2 3.925e2 3.884 3.295e1 7.082e2 4.645 0. 0. 0.
ArIX 18 10 4.225e2 3.361e3 1.926e-1 8.279e-1 2.392e2 1.121e1 1.434 3.814e1 4.649
ArX 18 9 4.787e2 3.446e3 1.040e1 8.204 1.495e1 1.115e1 9.203e-4 3.804e1 6.39e-1
ArXI 18 8 5.39e2 3.523e3 1.257e-1 1.76e3 1.579e3 6.714 1.957 3.286e-3 3.226e-1
ArXII 18 7 6.183e2 3.613e3 5.31 7.018e-1 1.001e2 8.939 4.987e-1 1.099e2 2.202e-1
ArXIII 18 6 6.861e2 3.702e3 3.209e-1 2.459e-2 2.285e3 8.81 6.692e-1 2.068e3 2.113e1
ArXIV 18 5 7.558e2 3.798e3 1.557 4.997e-2 5.031e2 8.966 2.938e-1 4.552e2 6.459
ArXV 18 4 8.548e2 3.898e3 1.888e1 2.571e4 1.475 2.634e1 2.909e1 2.445e-2 1.054e-2
ArXVI 18 3 9.18e2 3.988e3 4.154e1 2.135e1 4.118e1 4.945 0. 0. 0.
ArXVII 18 2 4.121e3 5.e4 4.468e2 3.108e1 3.039e1 2.092 0. 0. 0.
ArXVIII 18 1 4.426e3 5.e4 1.399e2 1.69e2 3.288e1 2.963 0. 0. 0.
CaI 20 20 6.113 3.443e1 1.278e1 5.37e5 3.162e-1 1.242e1 4.477e-1 1.012e-3 1.851e-2
CaII 20 19 1.187e1 4.09e1 1.553e1 1.064e7 7.79e-1 2.13e1 6.453e-1 2.161e-3 6.706e-2
CaIII 20 18 5.091e1 3.731e2 2.436e1 3.815e1 2.931e2 3.944 3.126e-1 1.802 1.233
CaIV 20 17 6.727e1 3.944e2 4.255 7.736 1.355e1 1.236e1 1.369 1.467e1 3.298e-2
CaV 20 16 8.451e1 4.175e2 6.882e-1 1.523e-1 1.502e2 1.061e1 8.227 1.21e2 3.876
CaVI 20 15 1.088e2 4.423e2 9.515 7.642e1 8.973e1 5.141 2.471 4.829 5.824
CaVII 20 14 1.272e2 4.687 8.08e-1 4.76e-1 3.682e2 8.634 5.72e-1 1.487e2 1.283
CaVIII 20 13 1.472e2 4.967e2 1.366 6.641e-1 3.188e2 8.138 2.806e-1 1.039e2 3.329
CaIX 20 12 1.883e2 5.27e2 5.52e-2 2.076e2 1.79e4 5.893 1.843e-3 2.826e-4 1.657
CaX 20 11 2.113e2 5.569e2 1.605e1 1.437e1 6.989e2 3.857 0. 0. 0.
CaXI 20 10 5.919e2 4.265e3 2.288e-1 9.384e-1 2.549e2 1.103e1 1.39 2.478e1 3.1
CaXII 20 9 6.572e2 4.362e3 2.345e1 1.227e1 1.312e1 9.771 6.842e-4 2.417e1 5.469e-1
CaXIII 20 8 70267e2 4.453e3 1.008e1 1.849e3 1.792e4 2.868 2.41e2 6.138e-3 6.931e1
CaXIV 20 7 8.177e2 4.555e3 9.98 1.116 5.918e1 9.005 3.879 7.104e1 5.311
CaXV 20 6 8.946e2 4.659e3 1.309e2 5.513e1 3.808e2 2.023 9.084e-2 1.833e-2 9.359e-1
CaXVI 20 5 9.745e2 4.767e3 4.293 1.293 1.691e1 1.438e1 3.461e-5 9.363e-1 4.589e-2
CaXVII 20 4 1.087e3 4.88e3 2.618e1 2.028e4 1.456 2.56e1 2.803e1 2.402e-2 9.323e-3
CaXVIII 20 3 1.157e3 4.982e3 9.472e1 1.105e1 3.818e1 4.192 0. 0. 0.
CaXIX 20 2 5.129e3 5.e4 6.297e2 1.936e1 3.921e1 1.862 0. 0. 0.
CaXX 20 1 5.47e3 5.e4 1.729e2 1.369e2 3.288e1 2.963 0. 0. 0.
FeI 26 26 7.902 6.6e1 5.461e-2 3.062e-1 2.671e7 7.923 2.069e1 1.382e2 2.481e-1
FeII 26 25 1.619e1 7.617e1 1.761e-1 4.365e3 6.298e3 5.204 1.141e1 9.272e1 1.075e2
FeIII 26 24 3.065e1 8.705e1 1.698e-1 6.107 1.555e3 8.055 8.698 1.76e2 1.847e1
FeIV 26 23 5.48e1 1.067e2 2.544e1 3.653e2 8.913 6.538 5.602e-1 0. 0.
FeV 26 22 7.501e1 1.288e2 7.256e-1 1.523e-3 3.736e1 1.767e1 5.064e1 8.871e1 5.28e-2
FeVI 26 21 9.906e1 1.527e2 2.656 5.259e-1 1.45e1 1.632e1 1.558e1 3.361e1 3.743e-3
FeVII 26 20 1.25e2 1.783e2 5.059 2.42e4 4.85e4 2.374 2.516e-3 4.546e-1 2.683e1
FeVIII 26 19 1.511e2 2.055e2 7.098e-2 1.979e1 1.745e4 6.75 2.158e2 2.542e3 4.672e2
FeIX 26 18 2.336e2 9.211e2 6.741 2.687e1 1.807e2 6.29 2.387e-4 2.494e1 8.251
FeX 26 17 2.621e2 9.59e2 6.886e1 6.47e1 2.062e1 4.111 2.778e-4 1.19e-5 6.57e-3
FeXI 26 16 2.902e2 9.983e2 8.284 3.281 536e1 8.571 3279e-1 2.971e1 5.22e-1
FeXII 26 15 3.308e2 1.039e3 6.295 1.738 1.13e2 8.037 3.096e-1 4.671e1 1.425e-1
FeXIII 26 14 3.61e2 1.081e3 1.317e-1 2.791e-3 2.487e3 9.791 6.938e-1 2.17e3 6.852e-3
FeXIV 26 13 3.922e2 1.125e3 8.509e-1 1.454e-1 1.239e3 8.066 4.937e-1 4.505e2 2.504
FeXV 26 12 4.57e2 1.181e3 5.555e-2 2.108e2 2.045e4 6.033 1.885e-3 2.706e-4 1.628
FeXVI 26 11 4.893e2 1.216e3 2.873e1 1.207e1 5.15e2 3.846 0. 0. 0.
FeXVII 26 10 1.262e3 7.651e3 3.444e-1 1.452 3.96e2 1.013e1 1.264 2.891e1 3.404
FeXVIII 26 9 1.358e3 7.769e3 3.19e1 2.388 2.186e1 9.589 2.902e-2 3.805e1 4.805e-1
FeXIX 26 8 1.456e3 7.918e3 7.519e-4 6.066e-5 1.606e6 8.813 4.398 1.915e6 3.14e1
FeXX 26 7 1.582e3 8.041e3 2.011e1 4.455e-1 4.236e1 9.724 2.757 6.847e1 3.989
FeXXI 26 6 1.689e3 8.184e3 9.243 1.098e1 7.637e1 7.962 1.748 4.446e1 3.512
FeXXII 26 5 1.799e3 8.35e3 9.713 7.204e-2 1.853e2 8.843 9.551e-3 1.702e2 4.263
FeXXIII 26 4 1.950e3 8.484e3 4.575e1 2.58e4 1.358 2.604e1 2.723e1 3.582e-2 8.712e-3
FeXXIV 26 3 2.046e3 8.638e3 7.326e1 1.276e1 4.914e1 4.941 0. 0. 0.
FeXXV 26 2 8.829e3 5.e4 1.057e3 1.195e1 5.769e1 1.718 0. 0. 0.
FeXXVI 26 1 9.278e3 5.e4 2.932e2 8.099e1 3.288e1 2.963 0. 0. 0.
