T								F
1000000000								9.1992651E-23
977237220								9.0970007E-23
954992590								8.9959217E-23
933254300								8.8960148E-23
912010840								8.797267E-23
891250940								8.6996653E-23
870963590								8.6031972E-23
851138040								8.50785E-23
831763770								8.4136113E-23
812830520								8.3204689E-23
794328230								8.2284106E-23
776247120								8.1374244E-23
758577580								8.0474987E-23
741310240								7.9586217E-23
724435960								7.8707819E-23
707945780								7.7839679E-23
691830970								7.6981684E-23
676082980								7.6133724E-23
660693450								7.5295688E-23
645654230								7.4467467E-23
630957340								7.3648956E-23
616595000								7.2840046E-23
602559590								7.2040635E-23
588843660								7.125062E-23
575439940								7.0469899E-23
562341330								6.9698373E-23
549540870								6.8935941E-23
537031800								6.8182508E-23
524807460								6.743798E-23
512861380								6.6702262E-23
501187230								6.5975263E-23
489778820								6.5256891E-23
478630090								6.4547058E-23
467735140								6.3845674E-23
457088190								6.3152654E-23
446683590								6.246791E-23
436515830								6.179136E-23
426579520								6.112292E-23
416869380								6.0462509E-23
407380280								5.9810045E-23
398107170								5.9165451E-23
389045140								5.8528649E-23
380189400								5.789956E-23
371535230								5.7278109E-23
363078050								5.6664217E-23
354813390								5.6057809E-23
346736850								5.545881E-23
338844160								5.4867145E-23
331131120								5.4282742E-23
323593660								5.3705528E-23
316227770								5.3135432E-23
309029540								5.2572383E-23
301995170								5.2016311E-23
295120920								5.1467146E-23
288403150								5.092482E-23
281838290								5.0389266E-23
275422870								4.9860417E-23
269153480								4.9338206E-23
263026800								4.8822569E-23
257039580								4.8313442E-23
251188640								4.7810762E-23
245470890								4.7314463E-23
239883290								4.6824484E-23
234422880								4.6340762E-23
229086770								4.5863236E-23
223872110								4.5391843E-23
218776160								4.492652E-23
213796210								4.4467206E-23
208929610								4.4013838E-23
204173790								4.3566351E-23
199526230								4.312468E-23
194984460								4.2688761E-23
190546070								4.2258527E-23
186208710								4.1833914E-23
181970090								4.1414852E-23
177827940								4.1001275E-23
173780080								4.0593113E-23
169824370								4.0190297E-23
165958690								3.9792756E-23
162181010								3.940042E-23
158489320								3.9013218E-23
154881660								3.8631077E-23
151356120								3.8253923E-23
147910840								3.7881681E-23
144543980								3.7514274E-23
141253750								3.7151625E-23
138038430								3.6793655E-23
134896290								3.6440283E-23
131825670								3.6091429E-23
128824960								3.5747005E-23
125892540								3.5406927E-23
123026880								3.5071106E-23
120226440								3.4739455E-23
117489760								3.4411886E-23
114815360								3.4088312E-23
112201850								3.3768648E-23
109647820								3.3452806E-23
107151930								3.3140704E-23
104712850								3.2832259E-23
102329300								3.2527394E-23
100000000								3.2226034E-23
97723722								3.1928106E-23
95499259								3.1633545E-23
93325430								3.1342285E-23
91201084								3.105427E-23
89125094								3.0769444E-23
87096359								3.0487762E-23
85113804								3.0209181E-23
83176377								2.9933665E-23
81283052								2.9661186E-23
79432823								2.9391722E-23
77624712								2.9125259E-23
75857758								2.8861791E-23
74131024								2.8601319E-23
72443596								2.8343851E-23
70794578								2.8089404E-23
69183097								2.7838003E-23
67608298								2.7589678E-23
66069345								2.7344471E-23
64565423								2.7102422E-23
63095734								2.6863581E-23
61659500								2.6628003E-23
60255959								2.6395747E-23
58884366								2.6166879E-23
57543994								2.5941472E-23
56234133								2.57196E-23
54954087								2.5501349E-23
53703180								2.5286806E-23
52480746								2.5076064E-23
51286138								2.4869222E-23
50118723								2.4666386E-23
48977882								2.4467657E-23
47863009								2.4273151E-23
46773514								2.4082985E-23
45708819								2.3897283E-23
44668359								2.3716176E-23
43651583								2.35398E-23
42657952								2.3368295E-23
41686938								2.3201815E-23
40738028								2.3040523E-23
39810717								2.2884587E-23
38904514								2.2734191E-23
38018940								2.258952E-23
37153523								2.2450774E-23
36307805								2.2318166E-23
35481339								2.2191927E-23
34673685								2.2072292E-23
33884416								2.1959525E-23
33113112								2.1853902E-23
32359366								2.1755721E-23
31622777								2.1665303E-23
30902954								2.1582989E-23
30199517								2.1509152E-23
29512092								2.1444199E-23
28840315								2.1388569E-23
28183829								2.1342739E-23
27542287								2.1307227E-23
26915348								2.1282598E-23
26302680								2.1269466E-23
25703958								2.1268502E-23
25118864								2.1280436E-23
24547089								2.1306067E-23
23988329								2.1346258E-23
23442288								2.1401956E-23
22908677								2.1474189E-23
22387211								2.1564076E-23
21877616								2.1672831E-23
21379621								2.180177E-23
20892961								2.1952313E-23
20417379								2.2125986E-23
19952623								2.2324418E-23
19498446								2.2549338E-23
19054607								2.2802559E-23
18620871								2.3085963E-23
18197009								2.340146E-23
17782794								2.3750957E-23
17378008								2.4136271E-23
16982437								2.4559054E-23
16595869								2.5020672E-23
16218101								2.5522071E-23
15848932								2.6063611E-23
15488166								2.6644907E-23
15135612								2.7264662E-23
14791084								2.7920512E-23
14454398								2.8608899E-23
14125375								2.9325044E-23
13803843								3.0062968E-23
13489629								3.0815647E-23
13182567								3.1575254E-23
12882496								3.2333475E-23
12589254								3.3081904E-23
12302688								3.3812425E-23
12022644								3.4517567E-23
11748976								3.5190787E-23
11481536								3.5826641E-23
11220185								3.6420843E-23
10964782								3.6970236E-23
10715193								3.7472672E-23
10471285								3.7926857E-23
10232930								3.8332199E-23
10000000								3.8688652E-23
9772372								3.8996615E-23
9549926								3.9256801E-23
9332543								3.9470244E-23
9120108								3.9638261E-23
8912509								3.9762451E-23
8709636								3.9844722E-23
8511380								3.988731E-23
8317638								3.9892744E-23
8128305								3.9863826E-23
7943282								3.98036E-23
7762471								3.971531E-23
7585776								3.9602346E-23
7413102								3.9468213E-23
7244360								3.9316456E-23
7079458								3.9150625E-23
6918310								3.8974211E-23
6760830								3.8790612E-23
6606934								3.8603068E-23
6456542								3.8414695E-23
6309573								3.8228454E-23
6165950								3.8047079E-23
6025596								3.7873055E-23
5888437								3.7708642E-23
5754399								3.7555901E-23
5623413								3.7416743E-23
5495409								3.729299E-23
5370318								3.718644E-23
5248075								3.7098956E-23
5128614								3.7032511E-23
5011872								3.6989256E-23
4897788								3.6971528E-23
4786301								3.6981888E-23
4677351								3.7023117E-23
4570882								3.7098196E-23
4466836								3.7210318E-23
4365158								3.7362869E-23
4265795								3.7559446E-23
4168694								3.7803845E-23
4073803								3.8100136E-23
3981072								3.8452743E-23
3890451								3.8866473E-23
3801894								3.9346577E-23
3715352								3.989882E-23
3630781								4.0529513E-23
3548134								4.1245522E-23
3467369								4.2054225E-23
3388442								4.2963435E-23
3311311								4.3981296E-23
3235937								4.5116149E-23
3162278								4.6376358E-23
3090295								4.7770174E-23
3019952								4.9305585E-23
2951209								5.099022E-23
2884032								5.2831341E-23
2818383								5.4835905E-23
2754229								5.7010815E-23
2691535								5.936319E-23
2630268								6.1900529E-23
2570396								6.4630778E-23
2511886								6.7561933E-23
2454709								7.0700981E-23
2398833								7.4052139E-23
2344229								7.7614551E-23
2290868								8.1379563E-23
2238721								8.532821E-23
2187762								8.9429459E-23
2137962								9.3639891E-23
2089296								9.7905379E-23
2041738								1.0216482E-22
1995262								1.0635557E-22
1949845								1.1041918E-22
1905461								1.1430716E-22
1862087								1.1798379E-22
1819701								1.2142731E-22
1778279								1.2462874E-22
1737801								1.2758933E-22
1698244								1.3031757E-22
1659587								1.3282656E-22
1621810								1.3513212E-22
1584893								1.3725163E-22
1548817								1.3920335E-22
1513561								1.4100604E-22
1479108								1.4267879E-22
1445440								1.4424072E-22
1412538								1.4571102E-22
1380384								1.4710848E-22
1348963								1.4845087E-22
1318257								1.4975451E-22
1288250								1.510336E-22
1258925								1.5229948E-22
1230269								1.535598E-22
1202264								1.5481757E-22
1174898								1.5607032E-22
1148154								1.5730957E-22
1122018								1.5852087E-22
1096478								1.5968462E-22
1071519								1.607779E-22
1047129								1.6177698E-22
1023293								1.6266046E-22
1000000								1.6341238E-22
977237.2								1.6402483E-22
954992.6								1.6449972E-22
933254.3								1.6484904E-22
912010.8								1.6509428E-22
891250.9								1.6526524E-22
870963.6								1.6539855E-22
851138								1.655362E-22
831763.8								1.6572415E-22
812830.5								1.6601127E-22
794328.2								1.6644836E-22
776247.1								1.6708707E-22
758577.6								1.6797859E-22
741310.2								1.6917166E-22
724436								1.7070988E-22
707945.8								1.7262807E-22
691831								1.7494775E-22
676083								1.7767211E-22
660693.4								1.807811E-22
645654.2								1.8422755E-22
630957.3								1.8793573E-22
616595								1.918036E-22
602559.6								1.9570962E-22
588843.7								1.9952369E-22
575439.9								2.0312098E-22
562341.3								2.063961E-22
549540.9								2.0927512E-22
537031.8								2.1172264E-22
524807.5								2.1374341E-22
512861.4								2.1537895E-22
501187.2								2.1670112E-22
489778.8								2.1780419E-22
478630.1								2.1879887E-22
467735.1								2.1980614E-22
457088.2								2.2095434E-22
446683.6								2.2237804E-22
436515.8								2.2421864E-22
426579.5								2.266262E-22
416869.4								2.297622E-22
407380.3								2.338026E-22
398107.2								2.389407E-22
389045.1								2.4538929E-22
380189.4								2.5338095E-22
371535.2								2.6316479E-22
363078.1								2.7499816E-22
354813.4								2.8913153E-22
346736.9								3.0578482E-22
338844.2								3.2511417E-22
331131.1								3.4717E-22
323593.7								3.7185053E-22
316227.8								3.9885874E-22
309029.5								4.2767504E-22
301995.2								4.5755945E-22
295120.9								4.8759413E-22
288403.2								5.1676745E-22
281838.3								5.4408718E-22
275422.9								5.6869849E-22
269153.5								5.8997816E-22
263026.8								6.0758418E-22
257039.6								6.2145457E-22
251188.6								6.3176447E-22
245470.9								6.3885983E-22
239883.3								6.4318611E-22
234422.9								6.4522475E-22
229086.8								6.4544565E-22
223872.1								6.4427423E-22
218776.2								6.4207177E-22
213796.2								6.3912514E-22
208929.6								6.3564294E-22
204173.8								6.3175696E-22
199526.2								6.2752857E-22
194984.5								6.229607E-22
190546.1								6.1801555E-22
186208.7								6.1263678E-22
181970.1								6.0677293E-22
177827.9								6.0039827E-22
173780.1								5.9352683E-22
169824.4								5.8621781E-22
165958.7								5.7857301E-22
162181								5.7072866E-22
158489.3								5.6284504E-22
154881.7								5.5509689E-22
151356.1								5.476663E-22
147910.8								5.4073789E-22
144544								5.344961E-22
141253.8								5.2912323E-22
138038.4								5.2479685E-22
134896.3								5.216848E-22
131825.7								5.1993621E-22
128825								5.1966716E-22
125892.5								5.2094041E-22
123026.9								5.237403E-22
120226.4								5.2794634E-22
117489.8								5.3331233E-22
114815.4								5.3946027E-22
112201.8								5.4589811E-22
109647.8								5.520652E-22
107151.9								5.574E-22
104712.9								5.6141421E-22
102329.3								5.6375205E-22
100000								5.6421851E-22
97723.72								5.6273981E-22
95499.26								5.5943611E-22
93325.43								5.5444492E-22
91201.08								5.4792008E-22
89125.09								5.3999517E-22
87096.36								5.3076346E-22
85113.8								5.202751E-22
83176.38								5.0854921E-22
81283.05								4.9559615E-22
79432.82								4.8144423E-22
77624.71								4.6616371E-22
75857.76								4.4988192E-22
74131.02								4.3278529E-22
72443.6								4.1510874E-22
70794.58								3.9711552E-22
69183.1								3.7907332E-22
67608.3								3.6123206E-22
66069.34								3.4380732E-22
64565.42								3.2697113E-22
63095.73								3.1084944E-22
61659.5								2.9552555E-22
60255.96								2.8104348E-22
58884.37								2.6741876E-22
57543.99								2.5464526E-22
56234.13								2.4270206E-22
54954.09								2.3155909E-22
53703.18								2.2118065E-22
52480.75								2.1153012E-22
51286.14								2.0257005E-22
50118.72								1.9426291E-22
48977.88								1.8657756E-22
47863.01								1.7947649E-22
46773.51								1.7292654E-22
45708.82								1.6689465E-22
44668.36								1.6134708E-22
43651.58								1.5624935E-22
42657.95								1.5156573E-22
41686.94								1.4726057E-22
40738.03								1.4329947E-22
39810.72								1.3965077E-22
38904.51								1.3628706E-22
38018.94								1.3318566E-22
37153.52								1.30328E-22
36307.81								1.2769933E-22
35481.34								1.2528626E-22
34673.69								1.2307579E-22
33884.42								1.2105459E-22
33113.11								1.1920918E-22
32359.37								1.1752716E-22
31622.78								1.1599935E-22
30902.95								1.1462293E-22
30199.52								1.1340333E-22
29512.09								1.123569E-22
28840.32								1.1151159E-22
28183.83								1.1090493E-22
27542.29								1.1058027E-22
26915.35								1.1058171E-22
26302.68								1.1094891E-22
25703.96								1.1171358E-22
25118.86								1.1289629E-22
24547.09								1.1450603E-22
23988.33								1.1654008E-22
23442.29								1.1898377E-22
22908.68								1.2180949E-22
22387.21								1.249745E-22
21877.62								1.2841708E-22
21379.62								1.3205012E-22
20892.96								1.3575348E-22
20417.38								1.3936465E-22
19952.62								1.4266903E-22
19498.45								1.4539208E-22
19054.61								1.471976E-22
18620.87								1.4769755E-22
18197.01								1.4648084E-22
17782.79								1.4316603E-22
17378.01								1.3747633E-22
16982.44								1.2932415E-22
16595.87								1.1887844E-22
16218.1								1.0658493E-22
15848.93								9.3118097E-23
15488.17								7.9271089E-23
15135.61								6.5816925E-23
14791.08								5.338678E-23
14454.4								4.2399622E-23
14125.38								3.3051941E-23
13803.84								2.5353225E-23
13489.63								1.9183032E-23
13182.57								1.4348622E-23
12882.5								1.0631004E-23
12589.25								7.8158544E-24
12302.69								5.7108523E-24
12022.64								4.153032E-24
11748.98								3.009797E-24
11481.54								2.1764617E-24
11220.18								1.572251E-24
10964.78								1.1359546E-24
10715.19								8.2184577E-25
10471.29								5.9615094E-25
10232.93								4.3414975E-25
10000								3.1787775E-25
9772.372								2.3416008E-25
9549.926								1.7391628E-25
9332.543								1.3046532E-25
9120.108								9.9043716E-26
8912.509								7.6259898E-26
8709.636								5.969754E-26
8511.38								4.7630629E-26
8317.638								3.8821164E-26
8128.305								3.2376854E-26
7943.282								2.7651571E-26
7762.471								2.4166332E-26
7585.776								2.1596078E-26
7413.102								1.9687446E-26
7244.36								1.8256332E-26
7079.458								1.716957E-26
6918.31								1.6331182E-26
6760.83								1.5672269E-26
6606.934								1.5143581E-26
6456.542								1.4710083E-26
6309.573								1.4347017E-26
6165.95								1.4037011E-26
6025.596								1.3768052E-26
5888.437								1.3531649E-26
5754.399								1.3321307E-26
5623.413								1.313107E-26
5495.409								1.2954525E-26
5370.318								1.2784835E-26
5248.075								1.2615924E-26
5128.614								1.2444023E-26
5011.872								1.2268258E-26
4897.788								1.2089771E-26
4786.301								1.1898271E-26
4677.351								1.1648058E-26
4570.882								1.1419768E-26
4466.836								1.1219754E-26
4365.158								1.1039885E-26
4265.795								1.087377E-26
4168.694								1.0717596E-26
4073.803								1.0568773E-26
3981.072								1.0425091E-26
3890.451								1.0284433E-26
3801.894								1.0143813E-26
3715.352								1.0004346E-26
3630.781								9.9049721E-27
3548.134								9.7524966E-27
3467.369								9.6021682E-27
3388.442								9.4539495E-27
3311.311								9.3078037E-27
3235.937								9.1636949E-27
3162.278								9.0215879E-27
3090.295								8.8814483E-27
3019.952								8.7432423E-27
2951.209								8.6069368E-27
2884.032								8.4724994E-27
2818.383								8.3398984E-27
2754.229								8.2091026E-27
2691.535								8.0800815E-27
2630.268								7.9528052E-27
2570.396								7.8272446E-27
2511.886								7.7033709E-27
2454.709								7.581156E-27
2398.833								7.4605725E-27
2344.229								7.3415935E-27
2290.868								7.2241927E-27
2238.721								7.1083443E-27
2187.762								6.9940232E-27
2137.962								6.8812046E-27
2089.296								6.7698645E-27
2041.738								6.6599794E-27
1995.262								6.5515262E-27
1949.845								6.4444824E-27
1905.461								6.3388261E-27
1862.087								6.2345359E-27
1819.701								6.1315907E-27
1778.279								6.0299701E-27
1737.801								5.9296543E-27
1698.244								5.8306238E-27
1659.587								5.7328595E-27
1621.81								5.6363431E-27
1584.893								5.5410566E-27
1548.817								5.4469823E-27
1513.561								5.3541032E-27
1479.108								5.2624028E-27
1445.44								5.1718649E-27
1412.538								5.0824737E-27
1380.384								4.994214E-27
1348.963								4.907071E-27
1318.257								4.8210302E-27
1288.25								4.7360777E-27
1258.925								4.6522E-27
1230.269								4.5693838E-27
1202.264								4.4876165E-27
1174.898								4.4068857E-27
1148.154								4.3271795E-27
1122.018								4.2484863E-27
1096.478								4.170795E-27
1071.519								4.0940947E-27
1047.129								4.018375E-27
1023.293								3.943626E-27
1000								3.8698378E-27
977.2372								3.7970012E-27
954.9926								3.7251071E-27
933.2543								3.6541468E-27
912.0108								3.584112E-27
891.2509								3.5149947E-27
870.9636								3.4467872E-27
851.138								3.379482E-27
831.7638								3.3130719E-27
812.8305								3.2475503E-27
794.3282								3.1829105E-27
776.2471								3.1191461E-27
758.5776								3.0562513E-27
741.3102								2.9942201E-27
724.436								2.933047E-27
707.9458								2.8727267E-27
691.831								2.8132541E-27
676.083								2.7546242E-27
660.6934								2.6968322E-27
645.6542								2.6398737E-27
630.9573								2.5837441E-27
616.595								2.5284394E-27
602.5596								2.4739553E-27
588.8437								2.4202879E-27
575.4399								2.3674333E-27
562.3413								2.3153876E-27
549.5409								2.2641473E-27
537.0318								2.2137087E-27
524.8075								2.1640682E-27
512.8614								2.1152222E-27
501.1872								2.0671672E-27
489.7788								2.0198997E-27
478.6301								1.9734162E-27
467.7351								1.9277131E-27
457.0882								1.8827869E-27
446.6836								1.838634E-27
436.5158								1.7952505E-27
426.5795								1.7526329E-27
416.8694								1.7107771E-27
407.3803								1.6696793E-27
398.1072								1.6293353E-27
389.0451								1.5897409E-27
380.1894								1.5508919E-27
371.5352								1.5127836E-27
363.0781								1.4754114E-27
354.8134								1.4387705E-27
346.7369								1.4028559E-27
338.8442								1.3676623E-27
331.1311								1.3331844E-27
323.5937								1.2994166E-27
316.2278								1.266353E-27
309.0295								1.2339877E-27
301.9952								1.2023145E-27
295.1209								1.1713268E-27
288.4032								1.1410181E-27
281.8383								1.1113814E-27
275.4229								1.0824098E-27
269.1535								1.0540958E-27
263.0268								1.0264321E-27
257.0396								9.9941073E-28
251.1886								9.7302394E-28
245.4709								9.4726356E-28
239.8833								9.2212126E-28
234.4229								8.9758855E-28
229.0868								8.7365673E-28
223.8721								8.5031695E-28
218.7762								8.2756019E-28
213.7962								8.0537726E-28
208.9296								7.8375886E-28
204.1738								7.6269551E-28
199.5262								7.4217765E-28
194.9845								7.2219558E-28
190.5461								7.027395E-28
186.2087								6.8379951E-28
181.9701								6.6536566E-28
177.8279								6.474279E-28
173.7801								6.2997614E-28
169.8244								6.1300022E-28
165.9587								5.9648997E-28
162.181								5.8043518E-28
158.4893								5.6482563E-28
154.8817								5.4965111E-28
151.3561								5.3490139E-28
147.9108								5.2056628E-28
144.544								5.0663562E-28
141.2538								4.9309926E-28
138.0384								4.7994714E-28
134.8963								4.6716921E-28
131.8257								4.5475554E-28
128.825								4.4269622E-28
125.8925								4.3098147E-28
123.0269								4.1960157E-28
120.2264								4.0854692E-28
117.4898								3.9780802E-28
114.8154								3.8737548E-28
112.2018								3.7724006E-28
109.6478								3.6739261E-28
107.1519								3.5782416E-28
104.7129								3.4852585E-28
102.3293								3.3948899E-28
100								3.3070506E-28
