Time	Mass	StarMass	Total	Stars	HMXBs	LMXBs	BH	NS	LumStars	LumStars8	LumStarsIon	NionStars	LumHMXBs	LumHMXBsIon	NionHMXBs	LumBH	LumNS
100000	0	1.07192	8	4	0	0	0	0	0	0	0	0	0	0	0	0	0
200000	1.07192	1.32037	10	6	0	0	0	0	0	0	0	0	0	0	0	0	0
300000	1.32037	25.2256	32	28	0	0	0	0	4.17347e+37	4.17347e+37	2.09569e+36	8.2462e+46	0	0	0	0	0
400000	25.2256	53.1622	110	106	0	0	0	0	4.22356e+37	4.17347e+37	2.09598e+36	8.24742e+46	0	0	0	0	0
500000	53.1622	164.118	449	445	0	0	0	0	6.88644e+37	6.12909e+37	3.02226e+36	1.19211e+47	0	0	0	0	0
600000	164.118	410.407	1188	1184	0	0	0	0	2.54054e+38	2.37866e+38	2.45154e+37	9.32671e+47	0	0	0	0	0
700000	410.407	880.248	2571	2567	0	0	0	0	3.81251e+38	3.34304e+38	3.08937e+37	1.18256e+48	0	0	0	0	0
800000	880.248	1669.16	4579	4575	0	0	0	0	4.38271e+39	4.30342e+39	1.16608e+39	4.1075e+49	0	0	0	0	0
900000	1669.16	2787.62	7731	7727	0	0	0	0	4.91626e+39	4.76364e+39	1.22139e+39	4.31609e+49	0	0	0	0	0
1e+06	2787.62	4295.72	12151	12147	0	0	0	0	6.46622e+39	6.27399e+39	1.43626e+39	5.1208e+49	0	0	0	0	0
1.1e+06	4295.72	6209.95	17667	17663	0	0	0	0	1.24823e+40	1.22024e+40	2.89325e+39	1.03503e+50	0	0	0	0	0
1.2e+06	6209.95	8517.6	24316	24312	0	0	0	0	1.55956e+40	1.52199e+40	3.46271e+39	1.24346e+50	0	0	0	0	0
1.3e+06	8517.6	11162.9	31841	31837	0	0	0	0	3.44996e+40	3.40032e+40	1.04036e+40	3.60421e+50	0	0	0	0	0
1.4e+06	11162.9	14115.4	40345	40341	0	0	0	0	3.87066e+40	3.80945e+40	1.10708e+40	3.85193e+50	0	0	0	0	0
1.5e+06	14115.4	17369.9	49604	49600	0	0	0	0	5.02592e+40	4.9519e+40	1.47515e+40	5.12165e+50	0	0	0	0	0
1.6e+06	17369.9	20776.4	59376	59372	0	0	0	0	6.38906e+40	6.30345e+40	1.8968e+40	6.58592e+50	0	0	0	0	0
1.7e+06	20776.4	24344.9	69614	69610	0	0	0	0	7.53791e+40	7.43657e+40	2.24129e+40	7.78177e+50	0	0	0	0	0
1.8e+06	24344.9	27987.4	80382	80378	0	0	0	0	8.08435e+40	7.96835e+40	2.36074e+40	8.21047e+50	0	0	0	0	0
1.9e+06	27987.4	31678	91350	91346	0	0	0	0	8.50209e+40	8.37674e+40	2.43276e+40	8.47563e+50	0	0	0	0	0
2e+06	31678	35364.3	101964	101960	0	0	0	0	9.04638e+40	8.90363e+40	2.53799e+40	8.85897e+50	0	0	0	0	0
2.1e+06	35364.3	39058.8	112160	112156	0	0	0	0	1.13032e+41	1.11398e+41	3.28645e+40	1.14389e+51	0	0	0	0	0
2.2e+06	39058.8	42642	123016	123012	0	0	0	0	1.17607e+41	1.15829e+41	3.39082e+40	1.18125e+51	0	0	0	0	0
2.3e+06	42642	46134.1	133216	133212	0	0	0	0	1.23149e+41	1.21264e+41	3.5135e+40	1.22527e+51	0	0	0	0	0
2.4e+06	46134.1	49535.3	143526	143522	0	0	0	0	1.30049e+41	1.28036e+41	3.69371e+40	1.28909e+51	0	0	0	0	0
2.5e+06	49535.3	52787.9	152485	152481	0	0	0	0	1.45245e+41	1.43083e+41	4.14798e+40	1.4474e+51	0	0	0	0	0
2.6e+06	52787.9	55901.7	161161	161157	0	0	0	0	1.61259e+41	1.58963e+41	4.66024e+40	1.62446e+51	0	0	0	0	0
2.7e+06	55901.7	58870.1	169803	169799	0	0	0	0	1.73576e+41	1.71167e+41	5.05749e+40	1.76137e+51	0	0	0	0	0
2.8e+06	58870.1	61689.8	177761	177757	0	0	0	0	1.78172e+41	1.75643e+41	5.14574e+40	1.79361e+51	0	0	0	0	0
2.9e+06	61689.8	64373.1	185368	185364	0	0	0	0	1.9355e+41	1.90922e+41	5.67396e+40	1.97399e+51	0	0	0	0	0
3e+06	64373.1	66887.5	192786	192782	0	0	0	0	1.97372e+41	1.94616e+41	5.75061e+40	2.00187e+51	0	0	0	0	0
3.1e+06	66887.5	69253.4	199580	199576	0	0	0	0	2.15164e+41	2.12316e+41	6.39549e+40	2.2215e+51	0	0	0	0	0
3.2e+06	69253.4	71517.2	206043	206039	0	0	0	0	2.21433e+41	2.18503e+41	6.53799e+40	2.27279e+51	0	0	0	0	0
3.3e+06	71517.2	73605.6	212133	212129	0	0	0	0	2.25775e+41	2.22758e+41	6.63184e+40	2.30674e+51	0	0	0	0	0
3.4e+06	73605.6	75549.6	217772	217768	0	0	0	0	2.30231e+41	2.2716e+41	6.73667e+40	2.34427e+51	0	0	0	0	0
3.5e+06	75549.6	77363.9	223038	223034	0	0	0	0	2.37021e+41	2.33892e+41	6.94061e+40	2.41549e+51	0	0	0	0	0
3.6e+06	77363.9	79060.3	227982	227978	0	0	0	0	2.45665e+41	2.42475e+41	7.25388e+40	2.52224e+51	0	0	0	0	0
3.7e+06	79060.3	80645	232681	232677	0	0	0	0	2.4793e+41	2.44663e+41	7.3055e+40	2.5408e+51	0	0	0	0	0
3.8e+06	80645	82149.5	236889	236885	0	0	0	0	2.66004e+41	2.627e+41	7.96889e+40	2.76675e+51	0	0	0	0	0
3.9e+06	82149.5	83509.1	240653	240649	0	0	0	0	2.69069e+41	2.65694e+41	8.03422e+40	2.7904e+51	0	0	0	0	0
4e+06	83509.1	84794.3	243752	243748	0	0	0	0	2.78332e+41	2.74902e+41	8.3036e+40	2.88459e+51	0	0	0	0	0
4.1e+06	84794.3	85967.3	247053	247049	0	0	0	0	2.79574e+41	2.76091e+41	8.32013e+40	2.89079e+51	0	0	0	0	0
4.2e+06	85967.3	87052.5	250116	250112	0	0	0	0	2.81248e+41	2.77705e+41	8.35309e+40	2.90279e+51	0	0	0	0	0
4.3e+06	87052.5	88069.4	253095	253091	0	0	0	0	2.81811e+41	2.78216e+41	8.36088e+40	2.9057e+51	0	0	0	0	0
4.4e+06	88069.4	88926.8	255238	255233	1	0	0	0	2.87379e+41	2.83762e+41	8.49798e+40	2.95526e+51	1.63944e+38	3.22813e+36	3.08494e+45	0	0
4.5e+06	88935.7	89709.5	257824	257818	1	0	1	0	2.80082e+41	2.76439e+41	8.21887e+40	2.86017e+51	1.63944e+38	3.22813e+36	3.08494e+45	2.13117e+52	0
4.6e+06	89726.4	90515.7	259886	259880	1	0	1	0	2.85124e+41	2.81445e+41	8.35929e+40	2.90977e+51	1.63944e+38	3.22813e+36	3.08494e+45	2.13117e+52	0
4.7e+06	90532.7	91122.5	262036	262028	3	0	1	0	2.75188e+41	2.71466e+41	7.98389e+40	2.78152e+51	8.72033e+38	1.09426e+37	1.04132e+46	2.13117e+52	0
4.8e+06	91155.5	91802.3	264170	264162	3	0	1	0	2.75348e+41	2.71588e+41	7.98545e+40	2.78211e+51	8.72033e+38	1.09426e+37	1.04132e+46	2.13117e+52	0
4.9e+06	91835.2	92277.7	265616	265608	3	0	1	0	2.75542e+41	2.71764e+41	7.98715e+40	2.78276e+51	8.72033e+38	1.09426e+37	1.04132e+46	2.13117e+52	0
5e+06	92310.7	92669	266717	266707	4	0	2	0	2.73385e+41	2.6959e+41	7.85936e+40	2.74123e+51	8.31455e+38	1.17642e+37	1.12667e+46	4.79709e+52	0
5.1e+06	92717.9	93208	268276	268266	3	0	3	0	2.73561e+41	2.69736e+41	7.86056e+40	2.74169e+51	7.1875e+38	8.91951e+36	8.53586e+45	6.92826e+52	0
5.2e+06	93256.9	93714.7	269376	269366	3	0	3	0	2.86233e+41	2.82397e+41	8.34201e+40	2.90469e+51	7.1875e+38	8.91951e+36	8.53586e+45	6.92826e+52	0
5.3e+06	93763.6	94057.5	270344	270334	3	0	3	0	2.86522e+41	2.82656e+41	8.34514e+40	2.90587e+51	7.1875e+38	8.91951e+36	8.53586e+45	6.92826e+52	0
5.4e+06	94106.4	94245.2	271151	271139	4	0	4	0	2.77312e+41	2.73425e+41	7.99788e+40	2.78725e+51	1.19099e+39	1.34518e+37	1.28227e+46	9.05943e+52	0
5.5e+06	94310.2	94496.9	272344	272330	5	0	5	0	2.68013e+41	2.64119e+41	7.64553e+40	2.66709e+51	1.19137e+39	1.34518e+37	1.28227e+46	1.11906e+53	0
5.6e+06	94577.8	94874.5	273330	273316	4	0	6	0	2.692e+41	2.65301e+41	7.66787e+40	2.67526e+51	1.17979e+39	1.22387e+37	1.16078e+46	1.33218e+53	0
5.7e+06	94955.4	95165.9	274203	274188	5	0	6	0	2.68334e+41	2.64418e+41	7.63622e+40	2.66419e+51	1.18032e+39	1.22387e+37	1.16078e+46	1.33218e+53	0
5.8e+06	95255.5	95390.9	275204	275188	6	0	6	0	2.59806e+41	2.55887e+41	7.30936e+40	2.55315e+51	1.18104e+39	1.22387e+37	1.16078e+46	1.33218e+53	0
5.9e+06	95488.6	95390.9	276016	275996	6	0	10	0	2.33758e+41	2.29836e+41	6.31332e+40	2.21494e+51	1.19005e+39	1.22387e+37	1.16078e+46	2.27926e+53	0
6e+06	95522.2	95628.5	276827	276805	8	0	10	0	2.35332e+41	2.31398e+41	6.38903e+40	2.24022e+51	1.19439e+39	1.22387e+37	1.16078e+46	2.27926e+53	0
6.1e+06	95777.4	95657.3	277190	277167	8	0	11	0	2.24338e+41	2.2039e+41	5.95705e+40	2.09421e+51	1.19306e+39	1.22387e+37	1.16078e+46	2.55255e+53	0
6.2e+06	95815.5	95843.3	277736	277711	8	0	13	0	2.31251e+41	2.27288e+41	6.26544e+40	2.19663e+51	1.19693e+39	1.22387e+37	1.16078e+46	3.12453e+53	0
6.3e+06	96018.6	95963.8	278172	278146	9	0	13	0	2.30422e+41	2.26451e+41	6.24332e+40	2.18869e+51	1.20741e+39	1.34016e+37	1.27756e+46	3.12453e+53	0
6.4e+06	96148.6	95935	278687	278656	11	0	16	0	2.21277e+41	2.17302e+41	5.96585e+40	2.09117e+51	1.86758e+39	1.84182e+37	1.75082e+46	3.76388e+53	0
6.5e+06	96162.2	96127.2	279170	279139	9	0	18	0	2.22389e+41	2.18412e+41	5.99381e+40	2.1012e+51	6.16359e+38	8.53187e+36	8.17813e+45	4.28208e+53	0
6.6e+06	96354.5	96227.4	279607	279575	9	0	19	0	2.17044e+41	2.13064e+41	5.79934e+40	2.03449e+51	6.16359e+38	8.53187e+36	8.17813e+45	4.4952e+53	0
6.7e+06	96462.7	96332.9	280087	280054	9	0	20	0	2.14592e+41	2.10609e+41	5.72426e+40	2.00813e+51	6.16359e+38	8.53187e+36	8.17813e+45	4.70832e+53	0
6.8e+06	96576.3	96202.8	280459	280420	13	0	22	0	1.99958e+41	1.95971e+41	5.2364e+40	1.8395e+51	1.57958e+39	2.20465e+37	2.10678e+46	5.24771e+53	0
6.9e+06	96498.3	96252	280861	280821	13	0	23	0	1.90699e+41	1.86708e+41	4.8792e+40	1.71835e+51	1.57958e+39	2.20465e+37	2.10678e+46	5.49113e+53	0
7e+06	96556.1	96285.6	281081	281039	12	0	26	0	1.82982e+41	1.78988e+41	4.58656e+40	1.61865e+51	1.10734e+39	1.75142e+37	1.67809e+46	6.2488e+53	0
7.1e+06	96607.6	96190.1	281343	281296	15	0	28	0	1.75145e+41	1.71141e+41	4.35227e+40	1.53651e+51	1.32946e+39	2.31183e+37	2.21637e+46	6.76701e+53	0
7.2e+06	96558.5	96227.5	281566	281518	15	0	29	0	1.73902e+41	1.69899e+41	4.31756e+40	1.52416e+51	1.32946e+39	2.31183e+37	2.21637e+46	7.02198e+53	0
7.3e+06	96604.6	96250.8	281840	281789	17	0	30	0	1.71693e+41	1.67687e+41	4.26056e+40	1.50373e+51	8.75479e+38	2.02545e+37	1.95175e+46	7.2351e+53	0
7.4e+06	96656.2	96238.6	281981	281928	16	0	33	0	1.70574e+41	1.66564e+41	4.23673e+40	1.49505e+51	7.71337e+38	1.74178e+37	1.67941e+46	8.01742e+53	0
7.5e+06	96661.4	96085.7	282206	282149	19	0	34	0	1.54671e+41	1.5066e+41	3.66446e+40	1.2993e+51	1.46945e+39	2.5643e+37	2.45945e+46	8.26009e+53	0
7.6e+06	96544.8	95954.8	282434	282372	19	0	39	0	1.48163e+41	1.44152e+41	3.4886e+40	1.23674e+51	1.14439e+39	2.16236e+37	2.07803e+46	9.43981e+53	0
7.7e+06	96457.5	95933	282691	282626	19	0	42	0	1.45816e+41	1.41805e+41	3.43351e+40	1.21684e+51	1.73067e+39	2.36531e+37	2.265e+46	1.02967e+54	0
7.8e+06	96462.8	95971.1	282883	282817	20	0	42	0	1.45184e+41	1.41172e+41	3.41973e+40	1.21183e+51	1.73336e+39	2.36531e+37	2.265e+46	1.02967e+54	0
7.9e+06	96510.8	95925.9	283086	283017	22	0	43	0	1.41926e+41	1.37913e+41	3.33707e+40	1.1822e+51	1.73094e+39	2.36531e+37	2.265e+46	1.05099e+54	0
8e+06	96493.7	95981.6	283242	283170	22	0	46	0	1.52212e+41	1.48199e+41	3.77685e+40	1.32956e+51	1.45173e+39	1.9788e+37	1.89776e+46	1.13248e+54	0
8.1e+06	96576.9	95963.5	283374	283300	20	0	50	0	1.5059e+41	1.46575e+41	3.73719e+40	1.31531e+51	1.72119e+39	2.36791e+37	2.26754e+46	1.24594e+54	0
8.2e+06	96573.8	95836.6	283463	283386	21	0	52	0	1.37647e+41	1.33631e+41	3.24592e+40	1.14883e+51	1.47355e+39	2.14392e+37	2.06026e+46	1.28861e+54	0
8.3e+06	96472.3	95700.1	283601	283519	25	0	53	0	1.32857e+41	1.28838e+41	3.12777e+40	1.10636e+51	1.73204e+39	2.51422e+37	2.41255e+46	1.31703e+54	0
8.4e+06	96382.5	95539.4	283707	283618	30	0	55	0	1.28994e+41	1.24975e+41	3.04547e+40	1.07637e+51	1.74833e+39	2.51422e+37	2.41255e+46	1.37902e+54	0
8.5e+06	96277.9	95424.3	283788	283694	33	0	57	0	1.25029e+41	1.2101e+41	2.94481e+40	1.04034e+51	1.99366e+39	2.987e+37	2.86037e+46	1.43847e+54	0
8.6e+06	96208.7	95268.3	283827	283729	35	0	59	0	1.16248e+41	1.12227e+41	2.66476e+40	9.42832e+50	2.06085e+39	3.22474e+37	3.09023e+46	1.48563e+54	0
8.7e+06	96085.5	95203.3	283900	283799	36	0	61	0	1.14556e+41	1.10536e+41	2.62784e+40	9.29417e+50	2.39351e+39	3.63051e+37	3.4752e+46	1.54153e+54	0
8.8e+06	96042.7	95055.9	283947	283842	36	0	65	0	1.07462e+41	1.0344e+41	2.41406e+40	8.54438e+50	3.26857e+39	3.9971e+37	3.81356e+46	1.63093e+54	0
8.9e+06	95927.6	95022.9	284010	283903	37	0	66	0	1.0671e+41	1.02689e+41	2.3998e+40	8.49187e+50	3.58284e+39	4.39573e+37	4.19196e+46	1.6405e+54	0
9e+06	95907.7	94884.5	284095	283982	42	0	67	0	1.0383e+41	9.98085e+40	2.3407e+40	8.27583e+50	3.65743e+39	4.74919e+37	4.53831e+46	1.67285e+54	0
9.1e+06	95816.2	94738.1	284197	284078	45	0	70	0	9.98848e+40	9.58635e+40	2.24912e+40	7.94519e+50	4.20565e+39	5.22678e+37	4.98946e+46	1.7343e+54	0
9.2e+06	95714.8	94583.4	284269	284146	48	0	71	0	8.66946e+40	8.26733e+40	1.75429e+40	6.26691e+50	4.25763e+39	5.43178e+37	5.18891e+46	1.76363e+54	0
9.3e+06	95592.2	94453.7	284354	284226	50	0	74	0	8.2189e+40	7.81631e+40	1.63865e+40	5.85376e+50	5.28454e+39	6.30908e+37	6.01894e+46	1.83614e+54	0
9.4e+06	95499.5	94417.4	284397	284267	49	0	77	0	8.14832e+40	7.74574e+40	1.62556e+40	5.80548e+50	5.13234e+39	5.82023e+37	5.54692e+46	1.90007e+54	0
9.5e+06	95475.4	94358.1	284453	284320	51	0	78	0	8.02594e+40	7.62335e+40	1.60187e+40	5.71842e+50	5.14063e+39	5.82023e+37	5.54692e+46	1.92532e+54	0
9.6e+06	95436.6	94233.2	284513	284376	54	0	79	0	7.41983e+40	7.01724e+40	1.41375e+40	5.06258e+50	5.14101e+39	5.82023e+37	5.54692e+46	1.94663e+54	0
9.7e+06	95342.7	94125.1	284582	284441	56	0	81	0	7.07179e+40	6.66919e+40	1.32468e+40	4.74454e+50	4.86377e+39	5.60788e+37	5.35064e+46	1.98855e+54	0
9.8e+06	95265.6	94045.9	284650	284505	57	0	84	0	6.92232e+40	6.51972e+40	1.29599e+40	4.6391e+50	4.39956e+39	5.33683e+37	5.10034e+46	2.03973e+54	0
9.9e+06	95212.1	94019.7	284713	284563	60	0	86	0	7.30535e+40	6.90274e+40	1.45528e+40	5.1809e+50	4.63827e+39	5.7003e+37	5.44633e+46	2.05617e+54	0
